r <- 1 + 1
s <- 2+5

t <- 3 + 5

hey <- 12315