r <- 1 + 1
s <- 2+5

t <- 3 + 5
another <- t + s
hey <- 12315